Webots Project File version R2023b
perspectives: 000000ff00000000fd00000002000000010000025600000238fc0200000001fb0000001400540065007800740045006400690074006f00720100000000000002380000008b00ffffff000000030000058900000103fc0100000001fb0000001a0043006f006e0073006f006c00650041006c006c0041006c006c0100000000000005890000008700ffffff000003310000023800000001000000020000000100000008fc00000000
simulationViewPerspectives: 000000ff0000000100000002000000fc000003930100000002010000000100
sceneTreePerspectives: 000000ff00000001000000030000001e000000c0000000fa0100000002010000000200
minimizedPerspectives: 000000ff00000000fd000000020000000100000219000002c3fc0200000001fb0000001400540065007800740045006400690074006f00720100000000000002c30000008b00ffffff0000000300000650000000d9fc0100000001fb0000001a0043006f006e0073006f006c00650041006c006c0041006c006c0100000000000006500000008700ffffff00000435000002c300000001000000020000000100000008fc00000000
maximizedDockId: -1
centralWidgetVisible: 1
orthographicViewHeight: 1
textFiles: 4 "controllers/picture_controller/picture_controller.py" "controllers/colorsensor_controller/colorsensor_controller.py" "controllers/detect_sign_live_feed_controller/detect_sign_live_feed_controller.py" "protos/custom_robot.proto" "controllers/Navigation_plus_vision_controller/Navigation_plus_vision_controller.py"
robotWindow: robot
consoles: Console:All:All
renderingDevicePerspectives: e-puck:camera;1;0.142593;0.460036;0.0374016
